0 -9 324.005 76.2147
---SPLIT---
<g transform="translate(0, -10)" fill="var(--logo-ink)"><path d="M4.85695 54.8039V11.2147H14.1252V54.8039H4.85695Z"/>
      <path d="M18.3324 54.8039V23.9282H27.1794V31.1931H27.36V54.8039H18.3324ZM39.6976 54.8039V35.6731C39.6976 33.9779 39.2563 32.7066 38.3736 31.859C37.531 31.0115 36.2872 30.5877 34.6422 30.5877C33.2379 30.5877 31.9741 30.9106 30.8506 31.5563C29.7673 32.2021 28.9047 33.09 28.2627 34.2201C27.6609 35.3502 27.36 36.6821 27.36 38.2158L26.5776 30.7693C27.5807 28.5091 29.0451 26.7131 30.971 25.3812C32.937 24.0089 35.3443 23.3228 38.193 23.3228C41.6034 23.3228 44.2114 24.2915 46.0169 26.2288C47.8224 28.1257 48.7252 30.6886 48.7252 33.9174V54.8039H39.6976Z"/>
      <path d="M66.4586 55.4698C62.5266 55.4698 59.5977 54.5214 57.6718 52.6244C55.7861 50.6871 54.8432 47.761 54.8432 43.8461V17.0266L63.8707 13.6363V44.1488C63.8707 45.521 64.2519 46.5502 65.0142 47.2363C65.7766 47.9224 66.9602 48.2655 68.5651 48.2655C69.1669 48.2655 69.7286 48.205 70.2502 48.0839C70.7718 47.9628 71.2934 47.8215 71.815 47.6601V54.5617C71.2934 54.8442 70.5511 55.0662 69.5882 55.2277C68.6654 55.3891 67.6222 55.4698 66.4586 55.4698ZM49.1258 30.8298V23.9282H71.815V30.8298H49.1258Z"/>
      <path d="M88.2042 55.4093C84.7938 55.4093 81.8247 54.7434 79.297 53.4115C76.7693 52.0392 74.8033 50.1423 73.399 47.7206C72.0349 45.299 71.3528 42.5142 71.3528 39.3661C71.3528 36.1776 72.0349 33.3927 73.399 31.0115C74.8033 28.5898 76.7493 26.7131 79.2368 25.3812C81.7244 24.0089 84.6132 23.3228 87.9033 23.3228C91.073 23.3228 93.8213 23.9686 96.1484 25.2601C98.4755 26.5516 100.281 28.3477 101.565 30.6482C102.849 32.9488 103.491 35.6529 103.491 38.7606C103.491 39.4064 103.471 40.0118 103.431 40.5769C103.391 41.1015 103.33 41.606 103.25 42.0904H76.6489V36.0969H95.9679L94.4031 37.1866C94.4031 34.6843 93.8013 32.8479 92.5976 31.6774C91.434 30.4666 89.8292 29.8612 87.7829 29.8612C85.4157 29.8612 83.5701 30.6684 82.246 32.2828C80.9621 33.8972 80.3201 36.3188 80.3201 39.5477C80.3201 42.6958 80.9621 45.0367 82.246 46.5704C83.5701 48.1041 85.5361 48.8709 88.144 48.8709C89.5884 48.8709 90.8322 48.6288 91.8754 48.1444C92.9186 47.6601 93.701 46.8731 94.2226 45.7834H102.708C101.705 48.77 99.9801 51.1311 97.5327 52.8666C95.1253 54.5617 92.0158 55.4093 88.2042 55.4093Z"/>
      <path d="M105.911 54.8039V23.9282H114.758V31.1931H114.939V54.8039H105.911ZM114.939 38.7001L114.156 31.3747C114.879 28.7513 116.062 26.7534 117.707 25.3812C119.352 24.0089 121.399 23.3228 123.846 23.3228C124.608 23.3228 125.17 23.4035 125.531 23.565V32.0406C125.331 31.9599 125.05 31.9196 124.689 31.9196C124.328 31.8792 123.886 31.859 123.365 31.859C120.476 31.859 118.349 32.3837 116.985 33.4331C115.621 34.4421 114.939 36.1978 114.939 38.7001Z"/>
      <path d="M140.916 55.4093C137.706 55.4093 134.877 54.7232 132.43 53.3509C129.982 51.9787 128.056 50.0817 126.652 47.6601C125.288 45.2385 124.606 42.4738 124.606 39.3661C124.606 36.2583 125.288 33.4936 126.652 31.072C128.056 28.6504 129.982 26.7534 132.43 25.3812C134.877 24.0089 137.706 23.3228 140.916 23.3228C143.604 23.3228 146.011 23.8273 148.138 24.8363C150.304 25.805 152.07 27.157 153.434 28.8925C154.838 30.628 155.741 32.6662 156.142 35.0071H147.415C146.974 33.5138 146.172 32.3837 145.008 31.6169C143.885 30.85 142.561 30.4666 141.036 30.4666C139.592 30.4666 138.328 30.8298 137.244 31.5563C136.201 32.2828 135.399 33.312 134.837 34.6439C134.275 35.9758 133.995 37.5498 133.995 39.3661C133.995 41.1823 134.275 42.7563 134.837 44.0882C135.399 45.4201 136.201 46.4493 137.244 47.1758C138.328 47.9023 139.592 48.2655 141.036 48.2655C142.561 48.2655 143.885 47.8821 145.008 47.1152C146.172 46.3484 146.974 45.2183 147.415 43.725H156.142C155.741 46.0659 154.838 48.1041 153.434 49.8396C152.07 51.5751 150.304 52.9473 148.138 53.9563C146.011 54.925 143.604 55.4093 140.916 55.4093Z"/>
      <path d="M172.668 55.4093C169.258 55.4093 166.289 54.7434 163.761 53.4115C161.233 52.0392 159.267 50.1423 157.863 47.7206C156.499 45.299 155.817 42.5142 155.817 39.3661C155.817 36.1776 156.499 33.3927 157.863 31.0115C159.267 28.5898 161.213 26.7131 163.701 25.3812C166.188 24.0089 169.077 23.3228 172.367 23.3228C175.537 23.3228 178.285 23.9686 180.612 25.2601C182.939 26.5516 184.745 28.3477 186.029 30.6482C187.313 32.9488 187.955 35.6529 187.955 38.7606C187.955 39.4064 187.935 40.0118 187.895 40.5769C187.854 41.1015 187.794 41.606 187.714 42.0904H161.113V36.0969H180.432L178.867 37.1866C178.867 34.6843 178.265 32.8479 177.062 31.6774C175.898 30.4666 174.293 29.8612 172.247 29.8612C169.88 29.8612 168.034 30.6684 166.71 32.2828C165.426 33.8972 164.784 36.3188 164.784 39.5477C164.784 42.6958 165.426 45.0367 166.71 46.5704C168.034 48.1041 170 48.8709 172.608 48.8709C174.052 48.8709 175.296 48.6288 176.339 48.1444C177.383 47.6601 178.165 46.8731 178.687 45.7834H187.172C186.169 48.77 184.444 51.1311 181.997 52.8666C179.589 54.5617 176.48 55.4093 172.668 55.4093Z"/>
      <path d="M209.092 55.4093C206.163 55.4093 203.816 54.7232 202.051 53.3509C200.286 51.9787 199.242 50.1019 198.921 47.7206L199.403 47.6601V67.2147H190.375V23.9282H199.222V30.7693L198.681 30.6482C199.122 28.388 200.326 26.6122 202.292 25.3206C204.258 23.9888 206.685 23.3228 209.574 23.3228C212.342 23.3228 214.73 23.9888 216.736 25.3206C218.782 26.6122 220.347 28.4486 221.43 30.8298C222.553 33.2111 223.115 36.0161 223.115 39.245C223.115 42.5142 222.533 45.3596 221.37 47.7812C220.206 50.2028 218.581 52.0796 216.495 53.4115C214.409 54.7434 211.941 55.4093 209.092 55.4093ZM206.565 48.1444C208.691 48.1444 210.416 47.3776 211.74 45.8439C213.064 44.3102 213.727 42.1307 213.727 39.3055C213.727 36.4803 213.044 34.321 211.68 32.8277C210.356 31.3343 208.611 30.5877 206.444 30.5877C204.358 30.5877 202.633 31.3545 201.269 32.8882C199.944 34.3815 199.282 36.5408 199.282 39.3661C199.282 42.1913 199.944 44.3707 201.269 45.9044C202.633 47.3978 204.398 48.1444 206.565 48.1444Z"/>
      <path d="M239.501 55.4698C235.569 55.4698 232.64 54.5214 230.714 52.6244C228.828 50.6871 227.885 47.761 227.885 43.8461V17.0266L236.913 13.6363V44.1488C236.913 45.521 237.294 46.5502 238.056 47.2363C238.819 47.9224 240.002 48.2655 241.607 48.2655C242.209 48.2655 242.771 48.205 243.292 48.0839C243.814 47.9628 244.335 47.8215 244.857 47.6601V54.5617C244.335 54.8442 243.593 55.0662 242.63 55.2277C241.707 55.3891 240.664 55.4698 239.501 55.4698ZM222.168 30.8298V23.9282H244.857V30.8298H222.168Z"/></g>